00100000000000000000000000000000000000000011111110011101110000000000000000000000
00100000000000000000000000000000000001111101111100000000000000111111000000000000
00100000000000000000000000000000000011111011111100000000000000000000001111000000
00000000000000000000000000000000000111111011111110000000000000000000000000000100
00000000000000000000000000000000000111111101111111000000000000000000000000000000
00000000000000000000000000000000001111111111110111111111111100000000000000000000
00000000000000000000000000000000011111111111111111011111111111111111000000000001
00000000000000000000000000000000011111111111111111110111111111111111111110000000
00000000000000000000000000000000111111111111101111111111111100011111111111110000
00000000000000000000000000000000111111111110111111111110000000000000001111111111
00000000000000000000000000000001111111111101111111111100000000000000000000111111
00000000000000000000000000000011111111111011111111111100000000000000000000000111
00000000000000000000000000000011111111111011111111111100000000000000000000000001
00000000000000000000000000000111111111111011111111111110000000000000000000000000
00000000000000000000000000000111111111111101111111111111100000000000000000000000
00000000000000000000000000001111111111111110111111111111111000000000000000000000
00000000000000000000000000001111111111111111011111111111111110000000000000000000
00000000000000000000000000011111111111111111101111111111111111110000000000000000
00000000000000000000000000011111111111111111111011111111111111111111000000000000
00000000000000000000000000111111111111111111111101111111111111111111111100000000
00000000000000000000000001111111111111111011111111111111111111111111111111111111
00000000000000000000000001111111111111111101111111111111111111111111111111111111
00000000000000000000000011111111111111111011111111111111111111111111111111111111
00000000000000000000000011111111111111111011111111111111111111111111111111111111
00000000000000000000000111111111111111110111111111111111111111111111111111111111
00000000000000000000000111111111111111111011111111111111111111111111111111111111
00000000000000000000000111111111111111111101111111111111111111111111111111111111
00000000000000000000001111111111111111111011111111111111111111111111111111111111
00000000000000000000001111111111111111111011111111111111111111111111111111111111
00000000000000000000011111111111111111110111111111111111111111111111111111111111
00000000000000000000011111111111111111111011111111111111111111111111111111111111
00000000000000000000111111111111111111110111111111111111111111111111111111111111
00000000000000000000111111111111111111110111111111111111111111111111111111111111
00000000000000000001111111111111111111101111111111111111111111111111111111111111
00000000000000000001111111111111111111110111111111111111111111111111111111111111
00000000000000000011111111111111111111111101111111111111111111111110111111111111
00000000000000000011111111111111111111111101111111111111111111111110000000111111
00000000000000000111111111111111111111111011111111111111111111111110000000000000
00000000000000000111111111111111111111111101111111111111111111111111000000000000
00000000000000000111111111111111111111111101111111111111111111111111000000000000
00000000000000001111111111111111111111111101111111111111111111111111100000000000
00000000000000001111111111111111111111111101111111111111111111111111100000000000
00000000000000011111111111111111111111111101111111111111111111111111110000000000
00000000000000011111111111111111111111111101111111111111111111111111110000000000
00000000000000011111111111111111111111111101111111111111111111111111110000000000
00000000000000111111111111111111111111111101111111111111111111111111111000000000
00000000000000111111111111111111111111111101111111111111111111111111111000000000
00000000000000111111111111111111111111111101111111111111111111111111111100000000
00000000000001111111111111111111111111111101111111111111111111111111111100000000
00000000000001111111111111111111111111111101111111111111111111111111111100000000
00000000000001111111111111111111111111111101111111111111111111111111111110000000
00000000000011111111111111111111111111111101111111111111111111111111111110000000
00000000000011111111111111111111111111111101111111111111111111111111111111000000
00000000000011111111111111111111111111111101111111111111111111111111111111000000
00000000000111111111111111111111111111111101111111111111111111111111111111000000
00000000000111111111111111111111111111111101111111111111111111111111111111100000
00000000000111111111111111111111111111111101111111111111111111111111111111100000
00000000001111111111111111111111111111111101111111111111111111111111111111100000
00000000001111111111111111111111111111111101111111111111111111111111111111110000
00000000001111111111111111111111111111111101111111111111111111111111111111110000




10000111100000000000111010000111100001111111100000000000000000000000000000011111
10001100000000011111110001111100000000011111111100000000000000000000000000000011
10000000000110011100001110000000000000111111111110000000000000000000000000000000
10000000000000110111000000000000000001111111111111000000000000000000000000000000
00000100001111000000000000000000000011111111111111000000000000000000000000000000
00110000110000000000000000000000000011111111111111100000000000000000000000000000
01000111100000000000000000000000000111111111111111100000000000000000000000000000
10111100000000000000000000000000001111111111111111110000000000000000000000000000
00011000000011110000000000000000001111111111111111110000000000000000000000000000
01100001111111111110000000000000011111111111111111111000000000000000000000000000
11011111111111111100000000000000111111111111111111111100000000000000000000000000
11111111111111111000000000000000111111111111111111111100000000000000000000000000
11001111111111110000000000000001111111111111111111111110000000000000000000000000
00001111111111100000000000000001111111111111111111111110000000000000000000000000
00011111111110000000000000000011111111111111111111111111000000000000000000000000
00111111111000000000000000000111111111111111111111111111000000000000000000000000
01111111110000000000000000000111111111111111111111111111100000000000000000000000
11111111000000000000000000001111111111111111111111111111110000000000000000000000
11111100000000000000000000001111111111111111111111111111110000000000000000000000
11110000000000000000000000011111111111111111111111111111111000000000000000000000
11100000000000000000000000011111111111111111111111111111111000000000000000000000
10000000000000000000000000111111111111111111111111111111111100000000000000000000
00000000000000000000000000111111111111111111111111111111111100000000000000000000
00000000000000000000000001111111111111111111111111111111111110000000000000000000
00000000000000000000000001111111111111111111111111111111111110000000000000000000
00000000000000000000000011111111111111111111111111111111111111000000000000000000
00000000000000000000000011111111111111111111111111111111111111000000000000000000
00000000000000000000000111111111111111111111111111111111111111100000000000000000
00000000000000000000000111111111111111111111111111111111111111110000000000000000
00000000000000000000000111111111111111111111111111111111111111110000000000000000
00000000000000000000001111111111111111111111111111111111111111111000000000000000
00000000000000000000001111111111111111111111111111111111111111111000000000000000
00000000000000000000011111111111111111111111111111111111111111111100000000000000
00000000000000000000011111111111111111111111111111111111111111111100000000000000
00000000000000000000111111111111111111111111111111111111111111111110000000000000
00000000000000000000111111111111111111111111111111111111111111111110000000000000
00000000000000000001111111111111111111111111111111111111111111111111000000000000
00000000000000000001111111111111111111111111111111111111111111111111000000000000
00000000000000000001111111111111111111111111111111111111111111111111100000000000
00000000000000000011111111111111111111111111111111111111111111111111100000000000
00000000000000000011111111111111111111111111111111111111111111111111100000000000
00000000000000000111111111111111111111111111111111111111111111111111110000000000
00000000000000000111111111111111111111111111111111111111111111111111110000000000
00000000000000000111111111111101111111111111111111111111111111111111111000000000
00000000000000001111111111110000011111111111111111111111111111111111111000000000
00000000000000001111111111110000011111111111111111111111111111111111111100000000
00000000000000001111111111100000011111111111111111111111111111111111111100000000
00000000000000011111111111100000011111111111111111111111111111111111111100000000
00000000000000011111111111100000011111111111111111111111111111111111111110000000
00000000000000011111111111100000011111111111111111111111111111111111111110000000
00000000000000111111111111100000011111111111111111111111111111111111111111000000
00000000000000111111111111000000011111111111111111111111111111111111111111000000
00000000000000111111111111000000011111111111111111111111111111111111111111000000
00000000000001111111111111000000011111111111111111111111111111111111111111100000
00000000000001111111111111000000111111111111111111111111111111111111111111100000
00000000000001111111111111000000111111111111111111111111111111111111111111110000
00000000000011111111111111000000111111111111111111111111111111111111111111110000
00000000000011111111111111000000111111111111111111111111111111111111111111110000
00000000000011111111111110000000111111111111111111111111111111111111111111111000
00000000000011111111111110000000111111111111111111111111111111111111111111111000















