  4  7   4  9   4 10   4 11   4 12   4 13   4 14   3 14   3 15   3 16 
  3 17   3 18   3 18   3 19   3 20   3 21   3 22   3 23   3 24   3 24 
  3 25   2 26   2 27   2 28   2 29   2 30   2 31   2 32   2 33   2 34 
  2 34   2 35   2 36   2 37   2 38   2 39   2 40   2 41   2 42   2 43 
  2 44   2 45   2 46   2 46   2 47   2 48   2 49   2 50   2 51   2 52 
  2 53   2 54   3 55   3 56   3 56   3 57   3 58   3 59   3 60   3 61 
  3 62   3 62   3 63   3 64   3 65   3 66   4 66   4 67   4 68   4 69 
  4 70   4 70   4 71   4 72   4 73   4 73   4 74   5 75   5 76   5 76 
  5 77   5 78   5 78   5 79   5 80   5 80   5 81   5 82   6 82   6 83 
  6 84   6 85   5  8   5  9   5 10   5 11   4 13   4 16   4 17   4 18 
  4 18   4 19   4 20   4 21   4 22   4 23   3 24   3 24   3 25   3 26 
  3 27   3 28   3 29   3 30   3 31   3 32   3 33   3 33   3 34   3 35 
  3 36   3 37   3 38   3 39   3 40   3 41   3 42   3 43   3 44   3 45 
  3 46   3 47   3 47   3 48   3 49   3 50   3 51   3 52   3 53   3 54 
  3 55   3 56   3 56   4 57   4 58   4 59   4 60   4 61   4 62   4 62 
  4 63   4 64   4 65   4 66   4 67   4 67   5 68   5 69   5 70   5 70 
  5 71   5 72   5 73   5 73   5 74   5 75   5 76   6 76   6 77   6 78 
  6 78   6 79   6 81   6 83   7 84   7 85   7 86   6  6   6  7   6  8 
  5 10   5 13   5 14   5 15   5 17   5 20   4 23   4 23   4 24   4 25 
  4 26   4 27   4 28   4 29   4 30   4 31   4 32   4 33   4 33   4 34 
  4 35   4 36   4 37   4 38   4 39   4 40   4 41   4 42   4 43   4 44 
  4 45   4 46   4 47   4 47   4 48   4 49   4 50   4 51   4 52   4 53 
  4 54   4 55   4 56   4 57   4 57   4 58   4 59   5 60   5 61   5 62 
  5 63   5 63   5 64   5 65   5 66   5 67   5 67   5 68   5 69   5 70 
  6 71   6 71   6 72   6 73   6 74   6 76   7 78   7 80   7 81   7 81 
  7 84   8 86   7  6   7  8   6 10   6 12   6 13   6 13   6 16   5 19 
  5 21   5 22   5 23   5 28   5 32   5 33   5 33   5 34   5 35   5 36 
  5 37   5 38   5 39   5 40   5 41   5 42   5 43   5 44   5 45   5 46 
  5 47   5 47   5 48   5 49   5 50   5 51   5 52   5 53   5 54   5 55 
  5 56   5 57   5 57   5 58   5 59   5 60   5 61   6 62   6 63   6 63 
  6 64   6 65   6 66   6 69   7 73   7 74   7 75   7 76   7 79   8 81 
  8 82   8 83   8 84   8 86   7  7   7  9   7 10   7 11   7 12   7 16 
  6 18   6 19   6 20   6 23   6 28   6 29   6 30   6 31   5 34   5 44 
  6 55   6 64   7 67   7 68   7 68   7 69   7 73   8 76   8 77   8 77 
  8 79   9 82   9 83   9 84   9 85   8  5   8  7   8  8   8  8   8  9 
  8 12   7 15   7 16   7 17   7 19   7 22   7 26   7 27   7 28   6 34 
  6 42   6 43   6 44   6 45   6 46   6 47   6 48   6 48   6 49   6 50 
  7 51   7 52   7 53   7 54   7 55   7 56   7 57   7 64   8 69   8 70 
  8 71   8 74   9 77   9 78   9 79   9 80   9 82  10 85  10 85  10 86 
  9  5   9  6   9  7   9  9   9 11   8 14   8 15   8 16   8 18   8 22 
  8 24   8 25   7 27   7 33   7 37   7 38   7 39   7 40   7 41   7 44 
  8 55   8 58   8 59   8 59   8 60   8 61   8 64   9 70   9 72   9 72 
  9 74  10 77  10 80  10 80  10 81  10 83  10 85  10  5  10  7  10  9 
  9 11   9 12   9 13   9 15   9 18   9 21   9 22   9 23   8 27   8 33 
  8 34   8 35   8 36   8 43   8 56   9 62   9 63   9 64   9 65  10 70 
 10 73  10 74  10 75  10 78  11 80  11 82  11 82  11 83  11 85  11  5 
 11  6  11  8  10 10  10 11  10 11  10 14  10 17  10 20  10 20  10 21 
  9 26   9 30   9 31   9 32   9 33   9 43   9 56  10 65  10 65  10 66 
 10 67  11 71  11 75  11 75  11 76  11 78  12 81  12 83  12 84  12 84 
 12 86  12  5  12  6  11  8  11  9  11 10  11 14  11 17  11 18  11 19 
 10 21  10 26  10 29  10 30  10 32  10 42  10 57  11 66  11 68  11 69 
 11 71  12 75  12 77  12 78  12 78  12 81  13 84  13 85  13 86  13  5 
 12  6  12  7  12  7  12  8  12 10  12 13  12 15  12 16  12 17  11 20 
 11 25  11 27  11 28  11 31  11 42  11 57  12 66  12 70  12 70  12 72 
 13 76  13 78  13 79  13 80  13 82  13 84  14 86  14 86  13  5  13  6 
 13  8  13 10  13 13  13 14  13 14  12 16  12 20  12 24  12 25  12 26 
 12 31  12 41  12 42  12 43  12 44  12 45  12 46  12 47  12 48  12 49 
 12 50  12 51  12 51  12 52  12 53  12 54  12 55  12 56  12 57  12 58 
 13 66  13 71  13 72  13 73  13 76  14 79  14 81  14 81  14 82  14 84 
 14 86  14  5  14  6  14  7  14  9  14 12  14 13  13 16  13 19  13 22 
 13 23  13 25  13 30  13 37  13 38  13 39  13 40  13 41  13 58  13 59 
 13 60  13 61  13 61  14 67  14 72  14 74  14 74  14 76  15 79  15 82 
 15 83  15 85  15 86  15  5  15  6  15  7  15  9  15 10  15 11  14 13 
 14 16  14 19  14 20  14 21  14 24  14 30  13 34  13 35  13 36  13 41 
 14 58  14 62  14 63  14 64  14 67  15 73  15 75  15 76  15 77  15 79 
 16 82  16 83  16 84  16 85  16 86  16  5  16  6  16  7  16  8  16  9 
 16  9  15 12  15 15  15 18  15 18  15 19  15 24  15 29  14 32  14 33 
 14 40  15 59  15 65  15 66  15 68  16 73  16 77  16 77  16 78  16 80 
 17 83  17 85  17 85  17 86  17 87  17  5  17  6  17  6  17  7  16  9 
 16 12  16 15  16 17  16 18  16 23  15 29  15 30  15 31  15 40  16 59 
 16 67  16 68  16 68  17 74  17 77  17 79  17 80  17 83  18 85  18 87 
 18  5  18  5  18  6  17  8  17 12  17 14  17 15  17 16  17 18  17 23 
 16 27  16 28  16 29  16 39  17 60  17 68  17 69  17 70  18 74  18 77 
 18 80  18 80  18 81  18 83  18 85  19 87  19  5  18  5  18  6  18  8 
 18 11  18 12  18 13  18 14  18 18  18 22  17 26  17 26  17 28  17 39 
 18 60  18 69  18 71  18 72  18 75  19 77  19 81  19 82  19 82  19 84 
 19 85  19 87  19  5  19  5  19  6  19  8  19 10  19 11  19 12  19 14 
 19 17  19 22  18 24  18 25  18 28  18 38  19 61  19 69  19 72  19 73 
 19 75  20 78  20 81  20 83  20 84  20 84  20 86  20 87  20  5  20  5 
 20  6  20  8  20  9  20 11  20 14  20 17  19 22  19 23  19 27  19 37 
 19 46  19 47  19 48  19 49  19 50  19 51  19 52  19 53  19 54  20 62 
 20 70  20 74  20 75  20 78  21 81  21 84  21 85  21 86  21 87  21  5 
 21  5  21  6  21  7  21  8  21  8  21 11  21 14  21 17  20 20  20 21 
 20 22  20 27  20 37  20 42  20 43  20 44  20 45  20 55  20 56  20 56 
 20 57  21 62  21 70  21 75  21 75  21 76  21 78  21 81  22 84  22 86 
 22 86  22 87  22  5  22  5  22  6  22  8  22 11  22 13  22 16  21 18 
 21 19  21 21  21 26  21 36  21 39  21 40  21 41  21 58  21 59  21 60 
 21 63  22 71  22 75  22 77  22 78  22 79  22 82  22 84  23 86  23 87 
 23  4  23  5  23  6  23  7  23 10  23 13  22 16  22 16  22 17  22 21 
 22 26  22 36  22 37  22 38  22 61  22 62  22 63  23 71  23 76  23 78 
 23 79  23 80  23 82  23 84  23 86  23 87  24  4  24  5  24  6  24  7 
 24 10  23 13  23 14  23 15  23 16  23 21  23 26  23 34  23 35  23 36 
 23 63  23 64  23 64  24 71  24 76  24 79  24 80  24 81  24 82  24 84 
 24 86  24 87  25  4  25  5  25  6  25  7  24 10  24 11  24 12  24 13 
 24 16  24 20  24 25  24 32  24 33  24 35  24 64  24 65  24 66  25 72 
 25 76  25 79  25 82  25 83  25 83  25 84  25 86  25 87  26  4  26  5 
 26  6  25  7  25  9  25 10  25 11  25 13  25 16  25 20  25 25  25 31 
 25 35  25 64  25 67  25 72  26 76  26 79  26 82  26 84  26 84  26 85 
 26 86  26 87  26  4  26  5  26  6  26  7  26  7  26  8  26 10  26 12 
 26 15  26 20  26 25  26 29  26 30  26 34  26 65  26 68  26 69  26 72 
 26 76  27 80  27 83  27 84  27 86  27 86  27 87  27  4  27  5  27  6 
 27  7  27 10  27 12  27 15  27 20  27 25  27 27  27 28  27 34  27 65 
 27 70  27 70  27 72  27 76  27 80  27 83  27 85  28 86  28 87  28  4 
 28  5  28  6  28  7  28 10  28 12  28 15  28 20  28 24  28 25  28 26 
 28 34  28 65  28 71  28 72  28 73  28 76  28 80  28 83  28 85  28 86 
 28 87  29  4  29  5  29  6  29  7  29  9  29 12  29 15  29 19  29 23 
 29 23  29 24  29 33  29 65  29 73  29 73  29 74  29 77  29 80  29 83 
 29 85  29 86  29 87  30  4  30  5  30  6  30  7  30  9  30 12  30 15 
 30 19  30 21  30 22  30 24  30 33  30 65  30 73  30 75  30 76  30 77 
 30 80  30 83  30 85  30 86  30 87  31  4  31  5  31  6  31  7  31  9 
 31 12  31 15  31 17  31 18  31 19  31 20  31 24  31 33  31 65  31 73 
 31 76  31 77  31 78  31 79  31 80  31 83  31 85  31 86  31 87  32  4 
 32  5  32  6  32  7  32  9  32 12  32 13  32 14  32 15  32 15  32 16 
 32 19  32 24  32 33  32 65  32 73  32 77  32 79  32 80  32 81  32 81 
 32 82  32 83  32 85  32 86  32 87  33  4  33  5  33  6  33  7  33  7 
 33  8  33  9  33 10  33 10  33 11  33 12  33 15  33 19  33 24  33 32 
 33 66  33 73  33 77  33 80  33 83  33 83  33 84  33 85  33 85  32 86 
 32 86  32 87  34  4  34  5  34  6  34  7  34  9  34 12  34 15  34 19 
 34 24  34 32  34 66  34 73  34 77  33 81  33 83  33 85  33 86  33 87 
 34  4  34  5  34  6  35  7  35  9  35 11  35 15  35 19  35 24  35 32 
 35 66  35 73  34 77  34 81  34 83  34 85  34 86  34 87  35  4  35  5 
 35  6  35  7  35  9  36 11  36 15  36 19  36 24  36 32  36 66  35 73 
 35 77  35 81  35 83  35 85  35 86  35 87  36  4  36  5  36  6  36  7 
 36  9  36 11  37 15  37 19  37 24  37 32  37 66  36 73  36 77  36 80 
 36 83  36 85  36 86  36 87  37  4  37  5  37  6  37  7  37  9  37 11 
 37 15  38 19  38 24  38 32  37 66  37 73  37 77  37 80  37 83  37 85 
 37 86  37 87  38  5  38  5  38  6  38  7  38  9  38 11  38 15  39 19 
 39 24  39 32  38 66  38 72  38 77  38 80  38 83  38 85  37 86  37 87 
 39  5  39  5  39  6  39  7  39  9  39 12  39 15  40 19  40 24  40 32 
 39 66  39 72  39 77  39 80  38 82  38 85  38 86  38 87  40  5  40  5 
 40  6  40  7  40  8  40  8  40  9  40 10  40 11  40 12  40 12  40 16 
 40 19  41 25  41 32  40 66  40 72  40 77  39 80  39 82  39 83  39 84 
 39 84  39 85  39 86  39 86  39 87  41  5  41  5  41  6  41  7  41  9 
 41 12  41 13  41 14  41 15  41 16  41 17  41 19  42 25  42 33  41 65 
 41 72  41 77  40 79  40 80  40 80  40 81  40 82  40 82  40 85  40 86 
 40 87  41  5  42  5  42  6  42  7  42  9  42 12  42 16  42 17  42 18 
 42 19  42 20  43 25  43 33  42 65  42 72  41 76  41 77  41 77  41 78 
 41 80  41 82  41 85  41 86  41 87  42  5  42  5  42  6  43  7  43  9 
 43 12  43 16  43 19  43 21  43 22  43 25  44 33  43 65  43 72  42 75 
 42 75  42 77  42 80  42 82  42 85  42 86  41 87  43  5  43  6  43  6 
 43  7  44  9  44 12  44 16  44 19  44 23  44 24  44 25  45 33  44 65 
 43 72  43 73  43 74  43 77  43 79  43 82  42 85  42 86  42 87  44  5 
 44  6  44  6  44  7  44 10  45 13  45 16  45 20  45 25  45 26  45 27 
 46 34  45 64  44 71  44 71  44 72  44 76  44 79  43 82  43 84  43 86 
 43 87  45  5  45  6  45  6  45  7  45 10  46 13  46 16  46 20  46 26 
 46 28  46 28  47 34  46 64  45 69  45 70  45 71  45 76  45 79  44 82 
 44 84  44 86  44 86  46  5  46  6  46  6  46  7  46  8  46  9  46 10 
 46 13  47 16  47 20  47 26  47 29  47 30  47 34  47 64  46 67  46 68 
 46 71  46 76  45 79  45 82  45 84  45 85  45 86  45 86  47  5  47  6 
 47  7  47  8  47 10  47 10  47 11  47 14  48 17  48 20  48 26  48 31 
 48 35  48 63  47 66  47 71  47 76  46 79  46 81  46 83  46 84  46 84 
 46 86  45 86  47  5  48  6  48  7  48  8  48 10  48 12  48 13  48 14 
 48 17  49 20  49 26  49 32  49 33  49 35  48 63  48 65  48 66  48 71 
 47 76  47 78  47 81  47 82  47 82  47 84  46 86  46 86  48  5  48  6 
 48  7  49  8  49 10  49 14  49 14  49 15  49 17  50 21  50 27  50 34 
 50 35  50 36  49 62  49 63  49 64  49 70  48 75  48 78  48 80  48 80 
 48 81  47 84  47 86  47 86  49  5  49  6  49  7  49  8  50 11  50 14 
 50 16  50 17  50 18  50 21  51 27  51 36  51 37  51 38  50 60  50 61 
 50 62  50 70  49 75  49 78  49 78  49 79  48 81  48 84  48 86  48 86 
 50  5  50  6  50  7  50  8  51 11  51 14  51 17  51 19  51 20  51 21 
 52 27  52 36  52 39  52 40  52 41  51 58  51 59  51 59  51 62  50 70 
 50 75  50 76  50 77  50 78  49 81  49 83  49 85  49 86  51  5  51  6 
 51  7  51  8  51  8  51  9  51 11  52 15  52 18  52 21  52 21  52 22 
 53 28  53 37  53 42  53 43  53 44  53 45  52 54  52 55  52 56  52 57 
 52 61  51 69  51 74  51 75  51 75  50 77  50 80  50 83  50 85  49 85 
 49 86  52  5  52  6  52  7  52  9  52 10  52 12  53 15  53 18  53 22 
 53 23  53 28  54 37  54 46  54 47  54 48  54 48  54 49  54 50  53 51 
 53 52  53 53  53 61  52 69  52 73  52 74  51 77  51 80  51 83  50 84 
 50 85  50 86  52  6  52  6  53  7  53  9  53 11  53 12  53 12  53 15 
 54 18  54 22  54 24  54 25  54 29  55 38  54 60  53 68  53 71  53 72 
 52 74  52 77  52 80  51 82  51 83  51 83  51 85  51 86  53  6  53  6 
 53  7  54  9  54 12  54 13  54 14  54 15  55 19  55 23  55 26  55 27 
 55 29  55 39  55 59  54 68  54 70  54 71  53 74  53 76  52 80  52 81 
 52 81  52 83  52 85  52 86  54  6  54  6  54  7  54  9  55 13  55 15 
 55 16  55 17  55 19  56 23  56 28  56 29  56 30  56 39  56 59  55 67 
 55 68  55 69  54 73  54 76  53 78  53 79  53 80  53 82  53 84  52 86 
 55  6  55  7  55  7  55  8  55 10  56 13  56 16  56 18  56 19  57 24 
 57 30  57 31  57 32  57 40  56 58  56 66  56 67  56 67  55 73  54 76 
 54 78  54 79  54 82  53 84  53 86  56  6  56  7  56  8  56  9  56 10 
 56 10  56 13  57 16  57 18  57 19  57 20  57 24  58 30  58 33  58 34 
 58 40  57 58  57 64  57 65  56 67  56 72  55 76  55 76  55 77  55 79 
 55 82  54 84  54 84  54 85  54 85  56  6  56  7  57  8  57 11  57 11 
 57 12  57 14  58 17  58 20  58 21  58 22  58 25  59 31  59 34  59 35 
 59 36  59 41  58 57  58 61  58 62  58 63  57 66  57 72  56 74  56 75 
 56 75  56 78  55 81  55 82  55 83  55 83  55 85  57  6  57  7  57  8 
 58 11  58 13  58 14  58 17  59 20  59 23  59 24  59 25  59 31  60 37 
 60 38  60 39  60 40  60 41  59 57  59 58  59 59  59 60  59 61  58 66 
 57 71  57 72  57 73  57 75  57 78  56 81  56 81  56 83  55 85  58  6 
 58  7  58  9  59 11  59 14  59 15  59 15  59 17  60 21  60 25  60 26 
 60 26  60 32  60 41  60 42  60 43  60 44  60 45  60 46  60 46  60 47 
 60 48  60 49  60 50  60 51  60 52  60 53  60 54  60 54  60 55  60 56 
 60 57  59 65  58 70  58 71  58 72  58 75  57 78  57 79  57 80  57 81 
 57 83  56 85  59  6  59  7  59  8  59  9  59  9  59 12  60 14  60 16 
 60 17  60 18  60 21  61 26  61 27  61 28  61 32  61 42  61 56  60 65 
 59 68  59 69  59 71  59 74  58 77  58 78  58 79  58 81  57 83  57 84 
 57 85  59  6  59  7  60  9  60 10  60 12  60 15  61 18  61 19  61 20 
 61 22  61 27  62 29  62 30  62 33  62 42  61 56  61 64  60 67  60 68 
 60 70  59 74  59 76  59 76  59 77  58 80  58 82  58 84  58 84  60  7 
 60  7  61  9  61 11  61 12  61 13  61 15  62 18  62 21  62 21  62 22 
 62 27  62 31  62 32  63 33  63 34  63 43  62 55  61 64  61 64  61 65 
 61 66  61 70  60 73  60 74  60 75  60 77  59 80  59 82  59 82  59 83 
 58 84  61  7  61  8  61 10  62 13  62 13  62 14  62 16  62 19  63 22 
 63 23  63 24  63 27  63 34  63 35  63 35  63 36  63 43  63 55  62 61 
 62 62  62 63  62 63  61 69  61 72  61 73  61 73  60 76  60 79  60 80 
 60 81  60 82  59 84  62  7  62  7  62  8  62 10  62 13  63 15  63 16 
 63 17  63 19  63 23  64 25  64 26  64 28  64 34  64 37  64 38  64 39 
 64 40  64 41  64 44  64 54  63 57  63 58  63 58  63 59  63 60  63 63 
 62 69  62 70  62 71  62 73  61 76  61 78  61 79  61 80  60 81  60 83 
 62  7  63  8  63  9  63 10  63 11  63 14  64 16  64 18  64 18  64 20 
 64 23  64 27  65 28  65 28  65 35  65 42  65 43  65 44  65 44  65 45 
 65 46  65 47  65 48  65 49  65 50  65 51  65 52  65 52  64 53  64 54 
 64 55  64 56  64 62  63 68  63 69  63 69  62 72  62 75  62 77  62 77 
 61 79  61 81  61 83  61 84  60 85  63  7  63  8  64 11  64 11  64 12 
 64 14  64 17  65 19  65 20  65 21  65 24  65 29  65 29  65 30  65 31 
 65 32  66 33  66 34  66 35  66 36  66 36  66 37  66 38  66 39  66 40 
 66 41  66 42  66 43  66 44  66 44  66 45  66 46  66 47  65 48  65 49 
 65 50  65 51  65 51  65 52  65 53  65 54  65 55  65 56  65 57  65 57 
 65 58  65 59  65 60  65 61  65 62  64 62  64 63  64 64  64 65  64 66 
 64 66  64 67  64 68  63 72  63 74  63 75  63 76  62 78  62 81  62 82 
 62 83  61 83  64  7  64  9  64 11  65 13  65 14  65 15  65 17  65 20 
 66 22  66 23  66 23  66 24  66 25  66 26  66 27  66 28  66 29  66 29 
 66 30  66 31  66 32  66 33  66 34  66 35  66 36  66 36  66 37  66 38 
 66 39  66 40  66 41  66 42  66 43  66 44  66 44  66 45  66 46  66 47 
 66 48  66 49  66 50  66 51  66 51  66 52  66 53  66 54  66 55  66 56 
 66 57  66 57  66 58  65 59  65 60  65 61  65 61  65 62  65 63  65 64 
 65 65  65 65  65 66  65 67  65 68  64 69  64 69  64 70  64 71  64 72 
 64 72  64 73  64 74  63 75  63 78  63 80  63 81  62 81  62 82  62 84 
 65  8  65  9  65  9  65 12  66 15  66 15  66 16  66 17  66 18  66 19 
 66 19  66 20  66 21  66 22  66 23  66 24  66 24  67 25  67 26  67 27 
 67 28  67 29  67 29  67 30  67 31  67 32  67 33  67 34  67 35  67 36 
 67 36  67 37  67 38  67 39  67 40  67 41  67 42  67 43  67 44  67 44 
 67 45  67 46  67 47  67 48  67 49  67 50  67 51  67 51  67 52  67 53 
 67 54  67 55  66 56  66 56  66 57  66 58  66 59  66 60  66 61  66 61 
 66 62  66 63  66 64  66 65  66 65  65 66  65 67  65 68  65 68  65 69 
 65 70  65 71  65 71  65 72  64 73  64 74  64 74  64 75  64 76  64 76 
 64 77  64 78  64 78  63 79  63 80  63 82  63 84 